                     0   0.0000000000000000        0.0000000000000000      -0.87651257341122391
                     1   2.3809523809523808E-002  0.16007810593582120      -0.94139039546801240
                     2   4.7619047619047616E-002  0.23537557657892519      -0.96870638525047081
                     3   7.1428571428571425E-002  0.30046260628866583      -0.99049667330136493
                     4   9.5238095238095233E-002  0.36261258840993976       -1.0096738652489057
                     5  0.11904761904761904       0.42504595339798262       -1.0273169595749103
                     6  0.14285714285714285       0.48989794855663549       -1.0439318998575069
                     7  0.16666666666666666       0.55901699437494734       -1.0597606978242640
                     8  0.19047619047619047       0.63432394240271694       -1.0748829771372657
                     9  0.21428571428571427       0.71807033081725358       -1.0892475785273978
                    10  0.23809523809523808       0.81311562818174177       -1.1026714468142134
                    11  0.26190476190476186       0.92330926563096927       -1.1148175607497963
                    12  0.28571428571428570        1.0540925533894601       -1.1251559222645124
                    13  0.30952380952380953        1.2135304899342254       -1.1329103557537361
                    14  0.33333333333333331        1.4142135623730943       -1.1369973277975702
                    15  0.35714285714285710        1.6770509831248412       -1.1359723676180769
                    16  0.38095238095238093        2.0396078054371141       -1.1280165504872048
                    17  0.40476190476190477        2.5769410160110380       -1.1222277223891772
                    18  0.42857142857142855        3.4641016151377526       -1.1347256203359128
                    19  0.45238095238095233        5.2261362400917255       -1.1365876020260839
                    20  0.47619047619047616        10.488088481701547       -1.1255430590766822
