                     0   0.0000000000000000        0.0000000000000000       -6.5310214308184844E-002
                     1   2.3809523809523808E-002  0.16007810593582120       0.35001386588581496
                     2   4.7619047619047616E-002  0.23537557657892519       0.24884357136596691
                     3   7.1428571428571425E-002  0.30046260628866583       0.17548589313835838
                     4   9.5238095238095233E-002  0.36261258840993976       0.12277110854208262
                     5  0.11904761904761904       0.42504595339798262        9.1544983207761832E-002
                     6  0.14285714285714285       0.48989794855663549       0.13585999648346947
                     7  0.16666666666666666       0.55901699437494734       0.47709121379938280
                     8  0.19047619047619047       0.63432394240271694        2.1217966332750477
                     9  0.21428571428571427       0.71807033081725358      -0.79773746798339018
                    10  0.23809523809523808       0.81311562818174177       -1.1497898384723746
                    11  0.26190476190476186       0.92330926563096927       -1.1866089196979346
                    12  0.28571428571428570        1.0540925533894601       -1.1924399165807280
                    13  0.30952380952380953        1.2135304899342254       -1.1955230814696860
                    14  0.33333333333333331        1.4142135623730943       -1.2008658750796739
                    15  0.35714285714285710        1.6770509831248412       -1.2059164962839057
                    16  0.38095238095238093        2.0396078054371141       -1.2097456417915273
                    17  0.40476190476190477        2.5769410160110380       -1.1822758302443206
                    18  0.42857142857142855        3.4641016151377526       -1.1332960973348571
                    19  0.45238095238095233        5.2261362400917255       -1.1054502785814160
                    20  0.47619047619047616        10.488088481701547      -0.46502667472438020

